age	 lit_no	 whole width	 left side range	 whole integral	 left side integral	 max loc	 max alpha	 min alpha	 file name 
14.50	 1	 1.318423	 0.502825	 2.143601	 0.932807	 2.472177	 3.287776	 1.969352	 2019_05_07_E14,5_WT2_left_res.mat
14.50	 1	 1.687258	 0.595478	 2.467684	 1.062643	 2.648832	 3.740612	 2.053354	 2019_05_07_E14,5_WT2_right_res.mat
14.50	 1	 1.734837	 0.598796	 2.422315	 1.079755	 2.490489	 3.626530	 1.891693	 2019_05_07_E14,5_WT3_left_res.mat
14.50	 1	 3.671172	 0.863709	 4.338786	 1.523966	 2.664379	 5.471842	 1.800670	 2019_05_07_E14,5_WT3_right_res.mat
14.50	 1	 1.654497	 0.436750	 2.557301	 0.842022	 2.351852	 3.569599	 1.915101	 2019_05_07_E14,5_WT4_left-1_FrontalOnly.tif_res.mat
14.50	 1	 0.828703	 0.645845	 1.540797	 1.197659	 2.262020	 2.444877	 1.616174	 2019_05_07_E14,5_WT4_left_res.mat
14.50	 1	 0.413439	 0.281354	 0.772162	 0.521361	 2.214033	 2.346119	 1.932679	 2019_05_07_E14,5_WT4_right_res.mat
14.50	 1	 2.539697	 0.842029	 4.005175	 1.613171	 2.714176	 4.411844	 1.872147	 2019_05_07_E14,5_WT_right_res.mat
14.50	 2	 0.794044	 0.459822	 1.519007	 0.878673	 2.052675	 2.386898	 1.592854	 2019_05_23_E14,5_WT1_left_res.mat
14.50	 2	 2.891173	 0.533455	 3.021264	 0.990285	 2.149526	 4.507244	 1.616071	 2019_05_23_E14,5_WT1_right_res.mat
14.50	 2	 1.066545	 0.522860	 1.971324	 0.998209	 2.145264	 2.688949	 1.622404	 2019_05_23_E14,5_WT2_left_res.mat
14.50	 2	 2.989947	 0.633281	 4.347369	 1.190649	 2.205777	 4.562442	 1.572496	 2019_05_23_E14,5_WT2_right_res.mat
14.50	 3	 2.237270	 0.681952	 2.947537	 1.269890	 2.214810	 3.770127	 1.532857	 2019_11_25_e14,5_wt1_left-1.tif_res.mat
14.50	 3	 2.359462	 0.642856	 2.749371	 1.180284	 2.244224	 3.960830	 1.601368	 2019_11_25_e14,5_wt1_right-1.tif_res.mat
14.50	 3	 0.775267	 0.554740	 1.477065	 1.045627	 2.162235	 2.382762	 1.607495	 2019_11_25_e14,5_wt2_left-1.tif_res.mat
14.50	 3	 0.931688	 0.680280	 1.722721	 1.249182	 2.237769	 2.489177	 1.557489	 2019_11_25_e14,5_wt2_right-1.tif_res.mat
14.50	 3	 0.878703	 0.659484	 1.619435	 1.192955	 2.257788	 2.477007	 1.598304	 2019_11_25_e14,5_wt3_left-1.tif_res.mat
14.50	 3	 0.823033	 0.551137	 1.508070	 0.992903	 2.197144	 2.469041	 1.646008	 2019_11_25_e14,5_wt3_right-1.tif_res.mat
14.50	 3	 0.729000	 0.607903	 1.288109	 1.075813	 2.258896	 2.379993	 1.650993	 2019_11_25_e14,5_wt4_left-1.tif_res.mat
14.50	 3	 0.760325	 0.498849	 1.382008	 0.908676	 2.160028	 2.421504	 1.661179	 2019_11_25_e14,5_wt4_right-1.tif_res.mat
14.50	 4	 0.511680	 0.400042	 0.758668	 0.784677	 2.311032	 2.422670	 1.910990	 2019_11_26_e14,5_wt1_left_res.mat
14.50	 4	 0.571404	 0.435177	 0.697792	 0.789963	 2.387133	 2.523360	 1.951956	 2019_11_26_e14,5_wt1_right_res.mat
14.50	 4	 0.448666	 0.390574	 0.859997	 0.761529	 2.339569	 2.397661	 1.948995	 2019_11_26_e14,5_wt2_left_res.mat
14.50	 4	 1.852829	 0.476192	 2.459887	 0.923413	 2.382679	 3.759317	 1.906488	 2019_11_26_e14,5_wt2_right_res.mat
14.50	 4	 1.140682	 0.633832	 2.131829	 1.233988	 2.441783	 2.948633	 1.807951	 2019_11_26_e14,5_wt3_left_res.mat
14.50	 4	 1.616450	 0.640685	 2.697658	 1.247742	 2.499976	 3.475741	 1.859291	 2019_11_26_e14,5_wt3_right_res.mat
14.50	 4	 0.624451	 0.525475	 1.173565	 1.020001	 2.355652	 2.454629	 1.830178	 2019_11_26_e14,5_wt4_left_res.mat
14.50	 4	 0.575139	 0.471509	 0.920755	 0.917863	 2.353447	 2.457076	 1.881937	 2019_11_26_e14,5_wt4_right_res.mat
14.50	 4	 0.395785	 0.346173	 0.670846	 0.676512	 2.254259	 2.303870	 1.908086	 2019_11_26_e14,5_wt5_left_res.mat
14.50	 5	 2.787381	 0.843365	 3.839659	 1.559309	 2.466265	 4.410281	 1.622900	 Stitched_E14,5_WT1l_19062019_res.mat
14.50	 5	 3.478817	 0.753961	 3.965917	 1.404778	 2.370030	 5.094885	 1.616068	 Stitched_E14,5_WT1r_19062019_res.mat
14.50	 5	 1.267318	 0.799681	 2.304455	 1.476411	 2.259911	 2.727549	 1.460230	 Stitched_E14,5_WT2l_19062019_res.mat
14.50	 5	 1.186767	 0.683355	 2.183180	 1.296677	 2.310468	 2.813880	 1.627114	 Stitched_E14,5_WT2r_19062019_res.mat
14.50	 5	 0.916766	 0.728947	 1.690830	 1.344804	 2.320030	 2.507849	 1.591083	 Stitched_E14,5_WT3l_19062019_res.mat
14.50	 5	 1.857841	 0.864880	 3.088680	 1.582144	 2.383595	 3.376556	 1.518715	 Stitched_E14,5_WT3r_19062019-1.tif_res.mat
15.50	 1	 2.519222	 0.658555	 4.221410	 1.256469	 2.295886	 4.156553	 1.637331	 2019_04_01_WT1_E15,5-1_Left.tif_res.mat
15.50	 1	 1.993809	 0.591829	 3.562335	 1.047764	 2.405797	 3.807776	 1.813968	 2019_04_01_WT1_E15,5-1_Right.tif_res.mat
15.50	 1	 2.491076	 0.333864	 3.610506	 0.607733	 2.184799	 4.342011	 1.850935	 2019_04_01_WT2_E15,5-1_Left.tif_res.mat
15.50	 1	 2.671172	 0.359812	 3.975983	 0.698542	 2.278785	 4.590145	 1.918973	 2019_04_01_WT2_E15,5-1_Right.tif_res.mat
15.50	 1	 2.969553	 0.495534	 3.452050	 0.948000	 2.183877	 4.657896	 1.688343	 2019_04_01_WT3_E15,5-1_Left.tif_res.mat
15.50	 1	 2.234216	 0.510779	 3.754724	 0.986232	 2.210341	 3.933778	 1.699562	 2019_04_01_WT3_E15,5-1_right.tif_res.mat
15.50	 2	 1.684571	 0.820440	 3.018080	 1.558660	 2.453637	 3.317768	 1.633197	 2019_05_23_E15,5_WT_left_res.mat
15.50	 2	 2.526616	 0.981307	 3.939541	 1.871823	 2.552095	 4.097404	 1.570788	 2019_05_23_E15,5_WT_right_res.mat
15.50	 3	 2.274886	 0.570148	 3.340267	 1.075630	 2.147916	 3.852654	 1.577767	 2019_11_25_e15,5_WT(heterozygous)1_left-1.tif_res.mat
15.50	 3	 1.011406	 0.638498	 1.916540	 1.202095	 2.283902	 2.656811	 1.645405	 2019_11_25_e15,5_WT(heterozygous)1_right-1.tif_res.mat
15.50	 4	 3.319624	 0.736887	 4.330500	 1.389141	 2.177021	 4.759758	 1.440134	 2019_11_25_e15,5_wt1_left-1.tif_res.mat
15.50	 4	 3.299118	 0.863094	 4.495318	 1.604176	 2.210558	 4.646582	 1.347464	 2019_11_25_e15,5_wt1_right-1.tif_res.mat
15.50	 4	 2.692469	 0.869315	 4.681632	 1.622824	 2.239929	 4.063082	 1.370614	 2019_11_25_e15,5_wt4_left-1.tif_res.mat
15.50	 5	 2.627210	 0.938888	 4.612041	 1.750258	 2.340690	 4.029012	 1.401802	 2019_11_26_e15,5_wt1_left_res.mat
15.50	 6	 3.405066	 0.784499	 5.090261	 1.481313	 2.308746	 4.929312	 1.524247	 2019_07_11_E15,5_WT1_left_res.mat
15.50	 6	 3.039471	 0.890927	 5.054614	 1.659469	 2.340520	 4.489064	 1.449593	 2019_07_11_E15,5_WT1_right-1.tif_res.mat
15.50	 6	 1.778743	 0.608370	 3.158840	 1.167090	 2.315933	 3.486306	 1.707563	 2019_07_11_E15,5_WT2_left-1.tif_res.mat
15.50	 6	 1.259990	 0.871621	 2.221213	 1.651149	 2.518056	 2.906425	 1.646435	 2019_07_11_E15,5_WT2_right_res.mat
15.50	 6	 2.322858	 0.810758	 4.071801	 1.516215	 2.317536	 3.829637	 1.506778	 2019_07_11_E15,5_WT3_left_res.mat
15.50	 6	 2.819472	 0.926394	 4.888993	 1.722159	 2.405477	 4.298555	 1.479083	 2019_07_11_E15,5_WT3_right_res.mat
15.50	 6	 2.529165	 0.682000	 4.278195	 1.310510	 2.311600	 4.158765	 1.629600	 2019_07_11_E15,5_WT4_left_res.mat
15.50	 6	 2.305281	 0.740803	 4.214450	 1.418819	 2.367827	 3.932305	 1.627023	 2019_07_11_E15,5_WT4_right_res.mat
15.50	 6	 1.986948	 1.085437	 3.596019	 2.041137	 2.545365	 3.446877	 1.459928	 2019_07_11_E15,5_WT5_left_res.mat
15.50	 6	 2.714629	 1.027240	 4.860294	 1.895436	 2.423315	 4.110704	 1.396075	 2019_07_11_E15,5_WT5_right_res.mat
15.50	 7	 2.208541	 0.963745	 3.683588	 1.769298	 2.488871	 3.733667	 1.525125	 2020_01_10_E15,5_WT1_left_res.mat
15.50	 7	 2.617695	 1.154225	 4.482702	 2.169970	 2.568491	 4.031961	 1.414266	 2020_01_10_E15,5_WT1_right_res.mat
15.50	 7	 1.750554	 0.965689	 3.167804	 1.808883	 2.436049	 3.220914	 1.470360	 2020_01_10_E15,5_WT2_left_res.mat
15.50	 7	 1.179111	 0.919426	 2.103385	 1.726054	 2.403197	 2.662882	 1.483770	 2020_01_10_E15,5_WT2_right_res.mat
15.50	 7	 2.485818	 0.803320	 4.141343	 1.515390	 2.273397	 3.955894	 1.470077	 2020_01_10_E15,5_WT3_left_res.mat
15.50	 7	 2.496258	 0.827176	 4.147252	 1.540009	 2.253553	 3.922635	 1.426377	 2020_01_10_E15,5_WT3_right_res.mat
15.50	 7	 1.908081	 1.020424	 3.334060	 1.876998	 2.390894	 3.278550	 1.370469	 2020_01_10_E15,5_WT4_left_res.mat
15.50	 7	 2.981866	 0.796033	 4.310278	 1.493703	 2.319666	 4.505499	 1.523633	 2020_01_10_E15,5_WT4_right_res.mat
15.50	 7	 1.309355	 0.940403	 2.476798	 1.768080	 2.353940	 2.722892	 1.413537	 2020_01_10_E15,5_WT5_left_res.mat
15.50	 7	 2.358677	 1.068229	 3.990059	 2.014275	 2.507768	 3.798215	 1.439538	 2020_01_10_E15,5_WT5_right_res.mat
15.75	 1	 2.564322	 0.685593	 4.483570	 1.318161	 2.333883	 4.212612	 1.648290	 2019_11_26_e15,75_wt1_left-1.tif_res.mat
15.75	 1	 3.392143	 0.718540	 5.052583	 1.382937	 2.398245	 5.071849	 1.679706	 2019_11_26_e15,75_wt1_right-1.tif_res.mat
15.75	 1	 2.304150	 0.614368	 4.050925	 1.189150	 2.287188	 3.976970	 1.672820	 2019_11_26_e15,75_wt2_left-1.tif_res.mat
15.75	 1	 2.385827	 0.747255	 4.273801	 1.419306	 2.297272	 3.935843	 1.550016	 2019_11_26_e15,75_wt2_right-1.tif_res.mat
15.75	 1	 2.518763	 0.677790	 4.340113	 1.295571	 2.305328	 4.146301	 1.627538	 2019_11_26_e15,75_wt3_left-1.tif_res.mat
16.50	 1	 2.536388	 0.887712	 4.601976	 1.692192	 2.473239	 4.121915	 1.585527	 2019_04_01_FuzContr1_E16,5-1.tif_res.mat
16.50	 1	 2.671545	 0.679077	 4.618085	 1.315755	 2.287378	 4.279846	 1.608301	 2019_04_01_FuzContr2_E16,5-1_Left.tif_res.mat
16.50	 1	 2.441052	 0.690329	 4.004219	 1.329577	 2.260136	 4.010859	 1.569807	 2019_04_01_FuzContr2_E16,5-1_Right.tif_res.mat
16.50	 1	 2.499807	 0.725298	 4.206630	 1.393127	 2.355101	 4.129610	 1.629803	 2019_04_01_FuzContr3_E16,5-1.tif_res.mat
16.50	 1	 2.829687	 0.807048	 4.654616	 1.528320	 2.266309	 4.288948	 1.459261	 2019_04_01_FuzContr4_E16,5-1_Left.tif_res.mat
16.50	 1	 2.695582	 0.870974	 4.496125	 1.661296	 2.388767	 4.213376	 1.517793	 2019_04_01_FuzContr4_E16,5-1_Right.tif_res.mat
16.50	 2	 2.599508	 0.643287	 4.281359	 1.165710	 2.300561	 4.256781	 1.657273	 2019_04_01_WT1_E16,5-1_Left.tif_res.mat
16.50	 2	 2.549348	 0.579339	 4.399084	 1.121387	 2.162944	 4.132953	 1.583605	 2019_04_01_WT1_E16,5-1_Right.tif_res.mat
16.50	 2	 2.672072	 0.470790	 4.386826	 0.654050	 2.199952	 4.401234	 1.729162	 2019_04_01_WT2_E16,5-1_Left.tif_res.mat
16.50	 2	 2.764906	 0.485883	 4.391507	 0.864069	 2.146440	 4.425463	 1.660557	 2019_04_01_WT2_E16,5-1_Right.tif_res.mat
16.50	 3	 2.138310	 0.275416	 3.035336	 0.540274	 2.051386	 3.914281	 1.775971	 2019_04_10_WT1_E16,5_left-1.tif_res.mat
16.50	 3	 2.920582	 0.345767	 4.005662	 0.675869	 2.125426	 4.700240	 1.779659	 2019_04_10_WT1_E16,5_right-1.tif_res.mat
16.50	 3	 2.615968	 0.396841	 3.723112	 0.770486	 2.105084	 4.324210	 1.708243	 2019_04_10_WT2_E16,5_left-1.tif_res.mat
16.50	 3	 1.874568	 0.441530	 3.250178	 0.856325	 2.200225	 3.633263	 1.758694	 2019_04_10_WT2_E16,5_right-1.tif_res.mat
16.50	 3	 2.531161	 0.404252	 3.911313	 0.787765	 2.078049	 4.204958	 1.673797	 2019_04_10_WT3_E16,5_left-1.tif_res.mat
16.50	 3	 2.440875	 0.439880	 3.657388	 0.851302	 2.137537	 4.138533	 1.697658	 2019_04_10_WT3_E16,5_right-1.tif_res.mat
16.50	 4	 2.906817	 0.430922	 3.998845	 0.816887	 2.146226	 4.622122	 1.715304	 2019_05_07_E16,5_WT1_right_res.mat
16.50	 4	 2.402993	 0.308863	 3.245190	 0.528658	 2.075449	 4.169579	 1.766586	 2019_05_07_E16,5_WT2_left-1.tif_res.mat
16.50	 4	 2.608863	 0.372368	 3.367726	 0.723093	 2.111479	 4.347974	 1.739110	 2019_05_07_E16,5_WT3_left-1.tif_res.mat
16.50	 4	 2.801303	 0.490769	 3.558428	 0.934683	 2.133908	 4.444443	 1.643140	 2019_05_07_E16,5_WT3_right_res.mat
16.50	 4	 2.667980	 0.584957	 4.192245	 1.121433	 2.201508	 4.284531	 1.616551	 2019_05_07_E16,5_WT4_left-1.tif_res.mat
16.50	 4	 2.712578	 0.555331	 4.156383	 1.061743	 2.202262	 4.359509	 1.646931	 2019_05_07_E16,5_WT4_right-1.tif_res.mat
16.50	 4	 2.611129	 0.302066	 3.635952	 0.581180	 1.993204	 4.302267	 1.691138	 2019_05_07_E16,5_Wt1_left-1.tif_res.mat
16.50	 5	 2.774265	 0.637935	 4.413593	 1.220636	 2.276901	 4.413230	 1.638966	 2019_05_23_E16,5_WT4_left-1.tif_res.mat
16.50	 5	 2.155861	 0.615100	 3.797789	 1.174406	 2.281660	 3.822421	 1.666560	 2019_05_23_E16,5_WT4_right-1.tif_res.mat
16.50	 5	 2.450531	 0.548104	 3.559821	 1.023687	 2.162809	 4.065237	 1.614705	 2019_05_23_E16,5_WT_left-1.tif_res.mat
16.50	 5	 1.598446	 0.460252	 2.842445	 0.884355	 2.188274	 3.326468	 1.728021	 2019_05_23_E16,5_WT_right-1.tif_res.mat
16.50	 6	 2.088179	 0.449221	 3.660403	 0.792669	 2.259645	 3.898602	 1.810423	 2019_11_26_e16,5_wt1_left-1.tif_res.mat
16.50	 6	 2.515814	 0.457476	 4.229468	 0.840252	 2.202492	 4.260830	 1.745016	 2019_11_26_e16,5_wt1_right-1.tif_res.mat
16.50	 6	 2.250061	 0.432057	 3.813034	 0.756284	 2.216460	 4.034464	 1.784403	 2019_11_26_e16,5_wt2_left-1.tif_res.mat
16.50	 6	 2.102490	 0.442357	 3.592714	 0.684374	 2.288013	 3.948146	 1.845656	 2019_11_26_e16,5_wt2_right-1.tif_res.mat
16.50	 6	 2.113965	 0.438253	 3.687737	 0.789803	 2.261288	 3.937000	 1.823035	 2019_11_26_e16,5_wt3_left-1.tif_res.mat
16.50	 6	 2.394829	 0.445701	 3.835946	 0.771146	 2.179881	 4.129009	 1.734180	 2019_11_26_e16,5_wt3_right-1.tif_res.mat
16.50	 6	 2.286112	 0.495824	 3.947083	 0.967533	 2.240363	 4.030652	 1.744540	 2019_11_26_e16,5_wt4_left-1.tif_res.mat
16.50	 6	 2.363503	 0.515869	 4.083661	 0.974991	 2.329400	 4.177034	 1.813531	 2019_11_26_e16,5_wt4_right-1.tif_res.mat
16.50	 6	 1.984724	 0.448516	 3.519335	 0.828321	 2.249195	 3.785403	 1.800679	 2019_11_26_e16,5_wt5_left-1.tif_res.mat
16.50	 7	 2.695010	 0.661428	 4.532453	 1.254813	 2.122310	 4.155891	 1.460881	 2020_01_10_E16,5_WT1_left-1.tif_res.mat
16.50	 7	 2.815838	 0.743768	 4.747685	 1.406357	 2.226792	 4.298861	 1.483024	 2020_01_10_E16,5_WT1_right-1.tif_res.mat
16.50	 7	 2.652200	 0.705085	 4.282606	 1.320461	 2.110758	 4.057873	 1.405674	 2020_01_10_E16,5_WT2_left-1.tif_res.mat
16.50	 7	 2.447052	 0.634284	 4.180482	 1.214684	 2.197529	 4.010297	 1.563245	 2020_01_10_E16,5_WT3_left-1.tif_res.mat
16.50	 7	 2.752627	 0.666499	 4.525266	 1.268996	 2.230038	 4.316166	 1.563539	 2020_01_10_E16,5_WT3_right-1.tif_res.mat
16.50	 7	 2.545423	 0.809136	 4.354635	 1.504038	 2.231367	 3.967654	 1.422230	 2020_01_10_E16,5_WT4_left-1.tif_res.mat
16.50	 7	 2.718232	 0.738716	 4.156040	 1.373892	 2.112486	 4.092002	 1.373771	 2020_01_10_E16,5_WT4_right-1.tif_res.mat
17.50	 1	 2.367836	 0.379386	 3.665347	 0.546868	 2.242722	 4.231172	 1.863336	 2019_04_01_WT2_S01_E17,5-1_Left.tif_res.mat
17.50	 1	 2.880337	 0.398040	 4.323592	 0.754555	 2.231771	 4.714069	 1.833732	 2019_04_01_WT2_S01_E17,5-1_Right.tif_res.mat
17.50	 2	 2.990705	 0.240880	 3.365862	 0.474504	 2.081400	 4.831225	 1.840520	 2019_04_10_WT1_E17,5_left-1.tif_res.mat
17.50	 2	 2.764158	 0.228442	 3.094785	 0.411580	 2.166135	 4.701851	 1.937693	 2019_04_10_WT2_E17,5_left-1.tif_res.mat
17.50	 2	 2.622090	 0.296267	 3.678353	 0.548328	 2.290167	 4.615990	 1.993900	 2019_04_10_WT2_E17,5_right-1.tif_res.mat
17.50	 2	 2.494184	 0.505253	 4.030485	 0.909460	 2.170141	 4.159072	 1.664888	 2019_04_10_WT3_E17,5_left-1.tif_res.mat
17.50	 2	 2.094882	 0.549842	 3.675248	 1.023557	 2.205338	 3.750377	 1.655496	 2019_04_10_WT3_E17,5_right-1.tif_res.mat
17.50	 2	 2.322852	 0.520171	 3.912951	 0.957499	 2.230683	 4.033364	 1.710512	 2019_04_10_WT4_E17,5_left-1.tif_res.mat
17.50	 2	 2.428917	 0.493860	 3.975274	 0.840314	 2.272340	 4.207397	 1.778480	 2019_04_10_WT4_E17,5_right-1.tif_res.mat
17.50	 2	 2.546171	 0.321873	 3.623235	 0.362587	 2.212661	 4.436959	 1.890788	 2019_04_10_WT5_E17,5_left-1.tif_res.mat
17.50	 2	 2.620519	 0.421308	 3.981377	 0.677532	 2.263001	 4.462213	 1.841693	 2019_04_10_WT5_E17,5_right-1.tif_res.mat
17.50	 2	 2.631473	 0.312914	 3.756468	 0.453221	 2.198275	 4.516835	 1.885362	 2019_04_10_WT6_E17,5_left-1.tif_res.mat
17.50	 2	 2.727939	 0.225782	 3.431073	 0.411068	 2.134468	 4.636625	 1.908686	 2019_04_10_WT6_E17,5_right-1.tif_res.mat
17.50	 2	 2.582965	 0.343736	 3.941377	 0.540342	 2.141319	 4.380548	 1.797583	 2019_04_10_WT_E17,5_right-1.tif_res.mat
17.50	 3	 1.827420	 0.341478	 3.008922	 0.663054	 2.039393	 3.525335	 1.697915	 2019_05_23_E17,5_WT_left-1.tif_res.mat
17.50	 3	 2.628877	 0.388742	 3.896292	 0.758709	 2.117979	 4.358113	 1.729236	 2019_05_23_E17,5_WT_right-1.tif_res.mat
17.50	 4	 2.116094	 0.452117	 3.591119	 0.808325	 2.255172	 3.919149	 1.803055	 2019_11_26_e17,5_wt1_left-1.tif_res.mat
17.50	 4	 2.682893	 0.447375	 4.274448	 0.858185	 2.241515	 4.477033	 1.794140	 2019_11_26_e17,5_wt1_right-1.tif_res.mat
17.50	 4	 1.998653	 0.477003	 3.553188	 0.917470	 2.345097	 3.866746	 1.868094	 2019_11_26_e17,5_wt2_left-1.tif_res.mat
17.50	 4	 2.394452	 0.448324	 4.030264	 0.778426	 2.297456	 4.243583	 1.849131	 2019_11_26_e17,5_wt2_right-1.tif_res.mat
17.50	 5	 2.790443	 0.364552	 3.650896	 0.630629	 2.049628	 4.475519	 1.685076	 2019_07_11_E17,5_WT_left_res.mat
17.50	 5	 2.822349	 0.368406	 4.070144	 0.603080	 2.074075	 4.528018	 1.705669	 2019_07_11_E17,5_WT_right_res.mat
18.00	 1	 2.180666	 0.348301	 3.565057	 0.653063	 2.301679	 4.134044	 1.953377	 2019_07_11_E18,0_WT1_left_res.mat
18.00	 1	 2.783841	 0.418990	 3.904680	 0.796822	 2.212469	 4.577320	 1.793479	 2019_07_11_E18,0_WT2_left_res.mat
18.00	 1	 2.605011	 0.439579	 4.040713	 0.849173	 2.264346	 4.429778	 1.824767	 2019_07_11_E18,0_WT3_right_res.mat
18.00	 1	 2.655097	 0.367396	 4.148480	 0.719672	 2.265869	 4.553571	 1.898474	 2019_07_11_E18,0_WT4_left_res.mat
18.00	 1	 2.540593	 0.312943	 3.914585	 0.605011	 2.225305	 4.452954	 1.912361	 2019_07_11_E18,0_WT4_right_res.mat
18.00	 1	 2.459382	 0.440791	 4.051106	 0.862162	 2.390218	 4.408809	 1.949427	 2019_07_11_E18,0_WT5_left_res.mat
18.00	 1	 2.705047	 0.415338	 4.121853	 0.802787	 2.192699	 4.482409	 1.777362	 2019_07_11_E18,0_WT5_right-1.tif_res.mat
18.50	 1	 2.629954	 0.382673	 3.784650	 0.497392	 2.273877	 4.521158	 1.891204	 2019_04_01_WT1_S4_E18,5-1_left.tif_res.mat
18.50	 1	 2.450618	 0.649455	 4.037119	 1.061396	 2.529550	 4.330714	 1.880096	 2019_04_01_WT1_S4_E18,5-1_right.tif_res.mat
18.50	 1	 2.933444	 0.919835	 4.672734	 1.702771	 2.489592	 4.503201	 1.569757	 2019_04_01_WT2_S4_E18,5-1_Left.tif_res.mat
18.50	 1	 2.692537	 0.519300	 4.003319	 1.006312	 2.269028	 4.442266	 1.749729	 2019_04_01_WT2_S4_E18,5-1_Right.tif_res.mat
18.50	 1	 2.757444	 0.510362	 4.064111	 0.925947	 2.305959	 4.553041	 1.795597	 2019_04_01_WT3_S4_E18,5-1_Left.tif_res.mat
18.50	 1	 2.396337	 0.410781	 3.675447	 0.750373	 2.290076	 4.275633	 1.879296	 2019_04_01_WT3_S4_E18,5-1_right.tif_res.mat
18.50	 1	 2.677464	 0.519849	 4.227454	 0.919211	 2.230135	 4.387750	 1.710286	 2019_04_01_WT_S5_E18,5-1_Left.tif_res.mat
18.50	 1	 2.593298	 0.584387	 3.975716	 1.075867	 2.285484	 4.294396	 1.701098	 2019_04_01_WT_S5_E18,5-1_right.tif_res.mat
